
 38926.0   15050.0
 38848.0   38729.0
 38331.0   38726.0
 38331.0   24496.0
 38244.0   24285.0
 38082.0   24123.0
 37871.0   24035.0
 37642.0   24035.0
 37431.0   24122.0
 37269.0   24284.0
 37258.0   24310.0
 33858.0   24310.0
 33002.0   24310.0
 32685.0   23993.0
 32588.0   23928.0
 32553.0   23921.0
 32553.0   23747.0
 32546.0   23730.0
 32553.0   23714.0
 32553.0   23614.0
 32553.0   23437.0
 32544.0   23415.0
 32553.0   23394.0
 32553.0   23294.0
 32553.0   23117.0
 32546.0   23100.0
 32553.0   23084.0
 32553.0   23052.0
 32490.0   22989.0
 32479.0   22989.0
 32445.0   22955.0
 32409.0   22940.0
 32444.0   22926.0
 32445.0   22925.0
 33083.0   22925.0
 33083.0   22925.0
 33198.0   22902.0
 33198.0   22902.0
 33296.0   22837.0
 34223.0   21910.0
 37258.0   21910.0
 37268.0   21936.0
 37430.0   22097.0
 37641.0   22185.0
 37870.0   22185.0
 38081.0   22098.0
 38243.0   21936.0
 38331.0   21725.0
 38331.0   21496.0
 38244.0   21285.0
 38082.0   21123.0
 37871.0   21035.0
 37642.0   21035.0
 37431.0   21122.0
 37269.0   21284.0
 37258.0   21310.0
 34366.0   21310.0
 34288.0   21258.0
 34173.0   21235.0
 34058.0   21258.0
 33981.0   21310.0
 32614.0   21310.0
 32500.0   21333.0
 32402.0   21398.0
 32014.0   21786.0
 31540.0   21313.0
 31470.0   21266.0
 31470.0   21266.0
 31470.0   21082.0
 31432.0   20990.0
 31431.0   20990.0
 31431.0   20147.0
 31409.0   20032.0
 31344.0   19935.0
 31344.0   19935.0
 31290.0   19882.0
 32291.0   18881.0
 32291.0   18881.0
 32356.0   18784.0
 32379.0   18669.0
 32379.0   18669.0
 32379.0   18124.0
 32418.0   18107.0
 32587.0   17939.0
 32679.0   17718.0
 32679.0   17480.0
 32588.0   17259.0
 32419.0   17090.0
 32199.0   16999.0
 31960.0   16998.0
 31739.0   17089.0
 31570.0   17258.0
 31479.0   17479.0
 31479.0   17717.0
 31570.0   17938.0
 31738.0   18107.0
 31779.0   18124.0
 31779.0   18545.0
 30654.0   19670.0
 30654.0   19670.0
 30457.0   19867.0
 30457.0   19867.0
 30366.0   19957.0
 30358.0   19959.0
 30260.0   20024.0
 30195.0   20121.0
 30194.0   20130.0
 29975.0   20349.0
 29910.0   20446.0
 29887.0   20561.0
 29887.0   20882.0
 29733.0   20882.0
 29714.0   20889.0
 29696.0   20882.0
 29596.0   20882.0
 29419.0   20882.0
 29399.0   20890.0
 29380.0   20882.0
 29280.0   20882.0
 29103.0   20882.0
 29084.0   20889.0
 29066.0   20882.0
 28966.0   20882.0
 28789.0   20882.0
 28763.0   20893.0
 28771.0   20872.0
 28772.0   20703.0
 28707.0   20547.0
 28588.0   20427.0
 28431.0   20362.0
 28379.0   20362.0
 28379.0   18124.0
 28418.0   18107.0
 28587.0   17939.0
 28679.0   17718.0
 28679.0   17480.0
 28588.0   17259.0
 28419.0   17090.0
 28199.0   16999.0
 27960.0   16998.0
 27739.0   17089.0
 27570.0   17258.0
 27479.0   17479.0
 27479.0   17717.0
 27570.0   17938.0
 27738.0   18107.0
 27779.0   18124.0
 27779.0   20520.0
 27802.0   20634.0
 27867.0   20732.0
 27921.0   20787.0
 27921.0   20872.0
 27986.0   21028.0
 28105.0   21147.0
 28262.0   21212.0
 28431.0   21212.0
 28587.0   21148.0
 28589.0   21146.0
 28589.0   21181.0
 28589.0   21968.0
 28593.0   21977.0
 28587.0   21975.0
 28487.0   21975.0
 28229.0   21975.0
 28132.0   21910.0
 28017.0   21887.0
 22923.0   21887.0
 22778.0   21742.0
 22585.0   21662.0
 22376.0   21662.0
 22183.0   21742.0
 22036.0   21889.0
 21955.0   22082.0
 21955.0   22291.0
 22035.0   22484.0
 22183.0   22632.0
 22375.0   22712.0
 22584.0   22712.0
 22777.0   22632.0
 22923.0   22487.0
 27501.0   22487.0
 27500.0   22490.0
 27500.0   22589.0
 27500.0   22643.0
 26781.0   22643.0
 26666.0   22666.0
 26569.0   22731.0
 26351.0   22949.0
 26342.0   22951.0
 26245.0   23016.0
 26180.0   23114.0
 26178.0   23122.0
 26087.0   23213.0
 26087.0   23213.0
 25709.0   23591.0
 25624.0   23591.0
 25468.0   23655.0
 25349.0   23775.0
 25284.0   23931.0
 25284.0   24100.0
 25348.0   24256.0
 25468.0   24376.0
 25624.0   24441.0
 25793.0   24441.0
 25949.0   24376.0
 26069.0   24257.0
 26134.0   24101.0
 26134.0   24015.0
 26312.0   23837.0
 26332.0   23850.0
 26447.0   23873.0
 26943.0   23873.0
 26845.0   23972.0
 26780.0   24128.0
 26780.0   24297.0
 26844.0   24453.0
 26964.0   24573.0
 27120.0   24638.0
 27289.0   24638.0
 27445.0   24573.0
 27500.0   24518.0
 27500.0   24568.0
 27557.0   24568.0
 27500.0   24625.0
 27500.0   24657.0
 27538.0   24748.0
 27608.0   24819.0
 27700.0   24857.0
 28031.0   24857.0
 28093.0   24794.0
 28093.0   24562.0
 28085.0   24562.0
 28085.0   24542.0
 28586.0   24542.0
 28678.0   24504.0
 28708.0   24474.0
 28724.0   24474.0
 28787.0   24411.0
 28787.0   24380.0
 28779.0   24361.0
 28787.0   24342.0
 28787.0   24242.0
 28787.0   24065.0
 28779.0   24046.0
 28787.0   24027.0
 28787.0   23927.0
 28787.0   23750.0
 28779.0   23731.0
 28787.0   23712.0
 28787.0   23612.0
 28787.0   23435.0
 28779.0   23416.0
 28787.0   23397.0
 28787.0   23297.0
 28787.0   23120.0
 28779.0   23101.0
 28787.0   23082.0
 28787.0   22982.0
 28787.0   22905.0
 28883.0   22840.0
 28952.0   22771.0
 29017.0   22674.0
 29029.0   22613.0
 30049.0   22613.0
 30049.0   22613.0
 30164.0   22590.0
 30164.0   22590.0
 30261.0   22525.0
 30400.0   22387.0
 30400.0   22387.0
 30465.0   22290.0
 30487.0   22175.0
 30487.0   22175.0
 30487.0   22169.0
 30639.0   22169.0
 30659.0   22161.0
 30679.0   22169.0
 30778.0   22169.0
 30955.0   22169.0
 30974.0   22161.0
 30993.0   22169.0
 31092.0   22169.0
 31269.0   22169.0
 31266.0   22177.0
 31266.0   22276.0
 31266.0   22453.0
 31273.0   22470.0
 31266.0   22487.0
 31266.0   22586.0
 31266.0   22763.0
 31275.0   22785.0
 31266.0   22807.0
 31266.0   22838.0
 31328.0   22901.0
 31350.0   22901.0
 31374.0   22926.0
 31409.0   22940.0
 31374.0   22955.0
 31374.0   22955.0
 31272.0   22955.0
 30603.0   22955.0
 30488.0   22978.0
 30391.0   23043.0
 30276.0   23158.0
 30191.0   23158.0
 30035.0   23222.0
 29916.0   23342.0
 29851.0   23498.0
 29851.0   23667.0
 29915.0   23823.0
 30035.0   23943.0
 30191.0   24008.0
 30360.0   24008.0
 30516.0   23943.0
 30636.0   23824.0
 30701.0   23668.0
 30701.0   23582.0
 30727.0   23555.0
 30970.0   23555.0
 30983.0   23619.0
 31048.0   23716.0
 31119.0   23787.0
 31119.0   23787.0
 31216.0   23852.0
 31266.0   23862.0
 31266.0   24023.0
 31275.0   24045.0
 31266.0   24067.0
 31266.0   24166.0
 31266.0   24343.0
 31275.0   24365.0
 31266.0   24387.0
 31266.0   24486.0
 31266.0   24662.0
 31178.0   24662.0
 31001.0   24662.0
 30979.0   24671.0
 30958.0   24662.0
 30858.0   24662.0
 30681.0   24662.0
 30659.0   24671.0
 30638.0   24662.0
 30538.0   24662.0
 30450.0   24662.0
 30392.0   24574.0
 30392.0   24574.0
 30330.0   24512.0
 30233.0   24447.0
 30118.0   24424.0
 30039.0   24424.0
 29925.0   24447.0
 29827.0   24512.0
 29678.0   24662.0
 29598.0   24662.0
 29539.0   24662.0
 29539.0   24132.0
 29651.0   24021.0
 29716.0   23864.0
 29716.0   23695.0
 29652.0   23539.0
 29532.0   23419.0
 29376.0   23355.0
 29207.0   23354.0
 29051.0   23419.0
 28931.0   23538.0
 28866.0   23695.0
 28866.0   23864.0
 28931.0   24020.0
 28939.0   24029.0
 28939.0   24503.0
 28937.0   24503.0
 28822.0   24526.0
 28742.0   24580.0
 28724.0   24562.0
 28193.0   24562.0
 28193.0   24794.0
 28256.0   24857.0
 28586.0   24857.0
 28594.0   24853.0
 28591.0   24862.0
 28591.0   24961.0
 28591.0   25219.0
 28423.0   25387.0
 28093.0   25387.0
 22923.0   25387.0
 22778.0   25242.0
 22585.0   25162.0
 22376.0   25162.0
 22183.0   25242.0
 22036.0   25389.0
 21955.0   25582.0
 21955.0   25791.0
 22035.0   25984.0
 22183.0   26132.0
 22375.0   26212.0
 22584.0   26212.0
 22777.0   26132.0
 22923.0   25987.0
 28548.0   25987.0
 28548.0   25987.0
 28662.0   25964.0
 28662.0   25964.0
 28726.0   25922.0
 28791.0   25949.0
 28890.0   25949.0
 29067.0   25949.0
 29084.0   25942.0
 29101.0   25949.0
 29200.0   25949.0
 29259.0   25949.0
 29259.0   26340.0
 28192.0   27408.0
 28127.0   27505.0
 28104.0   27620.0
 28104.0   29393.0
 27846.0   29580.0
 27674.0   29766.0
 27669.0   29780.0
 27669.0   26924.0
 27605.0   26767.0
 27485.0   26648.0
 27329.0   26583.0
 27243.0   26583.0
 26905.0   26245.0
 26808.0   26180.0
 26693.0   26157.0
 26403.0   26157.0
 26343.0   26097.0
 26187.0   26032.0
 26018.0   26032.0
 25862.0   26096.0
 25742.0   26216.0
 25677.0   26372.0
 25677.0   26541.0
 25742.0   26697.0
 25861.0   26817.0
 26017.0   26882.0
 26187.0   26882.0
 26343.0   26817.0
 26403.0   26757.0
 26569.0   26757.0
 26819.0   27007.0
 26819.0   27092.0
 26884.0   27248.0
 27003.0   27368.0
 27159.0   27433.0
 27328.0   27433.0
 27485.0   27368.0
 27604.0   27249.0
 27669.0   27093.0
 27669.0   26924.0
 27669.0   29780.0
 27587.0   30004.0
 27596.0   30257.0
 27607.0   30281.0
 27572.0   30276.0
 27328.0   30345.0
 27128.0   30502.0
 27005.0   30723.0
 26871.0   31136.0
 26841.0   31387.0
 26910.0   31632.0
 27067.0   31831.0
 27102.0   31850.0
 27067.0   31870.0
 26910.0   32069.0
 26841.0   32313.0
 26871.0   32565.0
 27005.0   32977.0
 27128.0   33199.0
 27328.0   33356.0
 27572.0   33424.0
 27607.0   33420.0
 27596.0   33443.0
 27587.0   33697.0
 27674.0   33935.0
 27846.0   34121.0
 28197.0   34376.0
 28427.0   34482.0
 28681.0   34492.0
 28919.0   34404.0
 28940.0   34385.0
 28947.0   34419.0
 29088.0   34630.0
 29298.0   34771.0
 29547.0   34820.0
 29980.0   34820.0
 30229.0   34771.0
 30440.0   34630.0
 30581.0   34419.0
 30588.0   34385.0
 30609.0   34404.0
 30847.0   34492.0
 31100.0   34482.0
 31331.0   34376.0
 31681.0   34121.0
 31853.0   33935.0
 31941.0   33697.0
 31931.0   33443.0
 31920.0   33420.0
 31956.0   33424.0
 32200.0   33356.0
 32399.0   33199.0
 32523.0   32977.0
 32657.0   32565.0
 32687.0   32313.0
 32618.0   32069.0
 32461.0   31870.0
 32440.0   31858.0
 32461.0   31847.0
 32618.0   31648.0
 32687.0   31403.0
 32657.0   31152.0
 32523.0   30739.0
 32399.0   30518.0
 32272.0   30418.0
 32272.0   28658.0
 32272.0   28658.0
 32249.0   28543.0
 32184.0   28446.0
 32184.0   28446.0
 30418.0   26680.0
 30418.0   26275.0
 30575.0   26433.0
 30575.0   26433.0
 30673.0   26498.0
 30787.0   26520.0
 32362.0   26520.0
 32362.0   26520.0
 32477.0   26498.0
 32477.0   26498.0
 32574.0   26433.0
 34070.0   24937.0
 34070.0   24937.0
 34088.0   24910.0
 37258.0   24910.0
 37268.0   24936.0
 37430.0   25097.0
 37641.0   25185.0
 37870.0   25185.0
 38081.0   25098.0
 38243.0   24936.0
 38331.0   24725.0
 38331.0   24496.0
 38331.0   38726.0
 19067.0   38612.0
 19656.0   17679.0
 19811.0   15089.0
 38926.0   15050.0

